Count of SPEND_BANDS;Column Labels;;;
Row Labels;Astoria;Hell's Kitchen;Lower Manhattan;Grand Total
Sun;1105;1175;1111;3391
Mon;1101;1168;1131;3400
Tue;1088;1224;1102;3414
Wed;1099;1190;1120;3409
Thu;1100;1148;1126;3374
Fri;1100;1185;1114;3399
Sat;1088;1182;1118;3388
Grand Total;7681;8272;7822;23775
